
$orca_opt_file

$trust
    0.300000000000

$epredict
    0.000000000000

$ediffsc
  1000.000000000000

$ctyp
  3

$coordinates
 3 6
  -3.31788666  -0.00944863   0.57767038  -1.25759384   0.25469729   0.09800120

  -3.32587790  -0.01047317   0.57953087  -1.24960261   0.25572183   0.09614071

  -3.32678623  -0.01058963   0.57974235  -1.24869427   0.25583828   0.09592923


# redundant internal coordinates
#  nbonds nangles ndihedrals nimpropers ncartesians
# bond  definitions A B
# angle definitions A B C
# dihedral definitions A B C D
# improper torsion definitions A B C D
# cartesian definitions A x/y/z
$redundant_internals
 1 0 0 0 0
   1   0   0
$energies
 3
 -113.2544301793881942
 -113.2546490728057904
 -113.2546514684555490

$gradients
 3 6
   0.0234133469999583   0.0029991412804874  -0.0054528289880810  -0.0234133470005894
  -0.0029991412805137   0.0054528289881059
   0.0023896006256418   0.0003044062641768  -0.0005578991742377  -0.0023896006258308
  -0.0003044062643126   0.0005578991743014
   0.0000809399339988   0.0000085032301167  -0.0000203606155827  -0.0000809399333126
  -0.0000085032301039   0.0000203606154560

$redundant_coords
 3 1
   2.1318213048334860
   2.1483586508766535
   2.1502383963919334

$redundant_gradients
 3 1
  -0.0242262873728408
  -0.0024726705291079
  -0.0000838590067136

$hessian_approx
 6 6
                  0          1          2          3          4          5    
      0       1.186971   0.152135  -0.276369  -1.186971  -0.152135   0.276369
      1       0.152135   0.019500  -0.035423  -0.152135  -0.019500   0.035423
      2      -0.276369  -0.035423   0.064348   0.276369   0.035423  -0.064348
      3      -1.186971  -0.152135   0.276369   1.186971   0.152135  -0.276369
      4      -0.152135  -0.019500   0.035423   0.152135   0.019500  -0.035423
      5       0.276369   0.035423  -0.064348  -0.276369  -0.035423   0.064348

$bmatrix
 1 6
                  0          1          2          3          4          5    
      0      -0.966447  -0.123906   0.225004   0.966447   0.123906  -0.225004

